Estación:       CANCUN,  QROO
Operada por:    SMN EMAS
Longitud:       86°51'08"  Latitud: 21°01'46"  Altitud: 1

DD/MM/AAAA HH:MM      DIRS      DIRR      VELS      VELR      TEMP        HR        PB      PREC   RAD-SOL
22/01/2019 22:00       129       119     15.51     34.40      24.0        93    1016.2       1.0      62.5
22/01/2019 23:00       141       147     18.12     35.00      24.2        86    1016.2       0.3       7.0
23/01/2019 00:00       141       125     19.95     39.00      24.8        81    1016.4       0.0       0.0
23/01/2019 01:00       134       156     19.29     40.80      25.0        79    1016.8       0.0       0.0
23/01/2019 02:00       143       157     22.24     41.90      25.3        76    1017.0       0.0       0.0
23/01/2019 03:00       136       154     20.13     39.00      25.4        75    1016.9       0.0       0.0
23/01/2019 04:00       135       126     19.93     34.40      25.2        73    1016.6       0.0       0.0
23/01/2019 05:00       135       151     18.93     34.40      25.1        72    1016.0       0.0       0.0
23/01/2019 06:00       135       158     19.34     34.40      25.1        74    1015.7       0.0       0.0
23/01/2019 07:00       137       125     18.02     29.80      25.2        75    1015.1       0.0       0.0
23/01/2019 08:00       137       148     16.78     33.30      25.3        76    1014.8       0.0       0.0
23/01/2019 09:00       133       139     17.57     31.60      25.5        78    1014.4       0.0       0.0
23/01/2019 10:00       137       151     17.79     35.00      25.7        78    1014.0       0.0       0.0
23/01/2019 11:00       136       125     20.12     34.40      25.9        78    1014.1       0.0       0.0
23/01/2019 12:00       164       160     16.44     36.70      23.7        94    1014.6       2.3       1.5
23/01/2019 13:00       160       157     16.47     29.80      23.5       100    1014.8       0.0      39.2
23/01/2019 14:00       160       153     17.71     36.70      24.5        99    1015.4       0.0      90.8
23/01/2019 15:00       168       167     19.43     32.10      27.0        85    1015.6       0.0     437.3
23/01/2019 16:00       166       153     19.01     35.60      28.8        75    1015.4       0.0     590.3
23/01/2019 17:00       161       162     20.08     34.40      27.9        78    1014.7       0.0     406.8
23/01/2019 18:00       181       210     16.30     33.30      28.4        74    1014.0       0.0     588.2
23/01/2019 19:00       185       203     16.94     33.30      29.9        64    1013.1       0.0     680.8
23/01/2019 20:00       199       213     17.51     35.60      29.6        67    1012.2       0.0     521.2
23/01/2019 21:00       183       191     13.46     30.40      27.8        76    1012.1       0.0     155.7
23/01/2019 22:00       179       178     14.99     27.50      26.6        83    1012.3       0.0     103.8
23/01/2019 23:00       180       171     13.37     28.10      26.5        82    1012.4       0.0      25.2
24/01/2019 00:00       177       172     14.49     28.10      25.9        84    1012.7       0.0       0.0
24/01/2019 01:00       175       173     14.12     29.20      26.2        81    1013.8       0.0       0.0
24/01/2019 02:00       175       180     13.61     24.60      26.1        81    1014.2       0.0       0.0
24/01/2019 03:00       178       165     12.23     26.90      26.0        82    1014.6       0.0       0.0
24/01/2019 04:00       216       216      8.72     20.00      25.7        83    1014.9       0.0       0.0
24/01/2019 05:00       204       226      6.70     14.90      25.2        86    1014.5       0.0       0.0
24/01/2019 06:00       178       184     13.03     25.20      25.3        88    1013.2       0.0       0.0
24/01/2019 07:00       184       189     10.38     22.90      25.3        87    1012.7       0.0       0.0
24/01/2019 08:00       231       202      6.09     16.60      24.7        89    1012.9       0.0       0.0
24/01/2019 09:00       308       245      5.45     10.20      23.5        97    1012.9       0.0       0.0
24/01/2019 10:00       337       344      7.90     13.10      22.1       100    1013.5       0.0       0.0
24/01/2019 11:00       340       347      7.03     12.50      21.5       100    1013.8       0.0       0.0
24/01/2019 12:00       341       342      7.14     12.00      21.2       100    1014.2       0.0       3.5
24/01/2019 13:00         5       354      3.30      9.10      21.7       100    1014.6       0.0      49.5
24/01/2019 14:00         2         8      5.37     11.40      25.7        96    1015.1       0.0     314.7
24/01/2019 15:00       348       356      6.10     12.00      27.9        79    1015.5       0.0     289.3
24/01/2019 16:00       104       111      4.65     15.40      26.9        82    1015.4       0.0     163.5
24/01/2019 17:00       120       108      5.29     10.80      27.8        76    1014.8       0.0     315.5
24/01/2019 18:00        93        97     10.88     20.00      29.1        74    1014.0       0.0     526.8
24/01/2019 19:00        70        78     10.49     23.50      26.8        80    1013.4       0.0     166.8
24/01/2019 20:00        56        70      8.78     18.90      25.3        85    1013.3       0.0     101.7
24/01/2019 21:00        54        54      9.52     18.90      25.0        89    1013.2       0.0      83.7
24/01/2019 22:00       285       295      6.38     20.00      24.2        91    1013.6      14.2      22.7
24/01/2019 23:00       318       303      6.89     17.20      22.1       100    1014.2      20.8       5.3
25/01/2019 00:00       332         2      7.05     12.00      22.1       100    1014.5       0.3       0.0
25/01/2019 01:00         1        24      7.61     12.00      22.0       100    1015.0       0.0       0.0
25/01/2019 02:00       352         9      8.14     13.70      21.2       100    1015.6       0.0       0.0
25/01/2019 03:00       353       352      7.60     12.00      21.3       100    1016.0       0.0       0.0
25/01/2019 04:00       342       342      7.51     11.40      21.2       100    1015.9       0.0       0.0
25/01/2019 05:00       339       332      7.78     13.10      21.2       100    1015.6       0.0       0.0
25/01/2019 06:00       330       334      8.64     13.70      21.0       100    1015.7       0.0       0.0
25/01/2019 07:00       336       337      9.20     13.70      20.8       100    1015.6       0.0       0.0
25/01/2019 08:00       337       332      8.98     12.50      20.7       100    1015.1       0.0       0.0
25/01/2019 09:00       341       331      8.76     13.70      20.8       100    1015.0       0.0       0.0
25/01/2019 10:00       349         5      9.32     14.90      20.9       100    1015.0       0.0       0.0
25/01/2019 11:00       346       336      8.52     12.50      20.9       100    1015.5       0.0       0.0
25/01/2019 12:00       349       345      8.61     11.40      21.2       100    1016.2       0.0       6.8
25/01/2019 13:00       352       348      8.86     13.70      22.1       100    1016.9       0.0      80.8
25/01/2019 14:00         8         8      9.70     18.90      24.2       100    1017.6       0.0     238.7
25/01/2019 15:00        16        17     11.84     24.60      25.6        98    1018.5       0.0     444.0
25/01/2019 16:00        25        16     14.56     28.70      26.8        82    1018.4       0.0     563.8
25/01/2019 17:00        38        51     13.89     28.70      25.9        84    1018.0       0.0     399.7
25/01/2019 18:00        36        25     13.57     29.20      25.9        83    1017.2       2.0     445.5
25/01/2019 19:00        20         5     12.04     23.50      23.2       100    1016.5       0.5     246.7
25/01/2019 20:00         6        21      9.04     20.00      22.6       100    1015.9       4.3     153.0
25/01/2019 21:00        30        74      6.64     20.60      22.1       100    1015.0       4.3      38.3
25/01/2019 22:00        70        79     13.41     28.70      22.7       100    1015.3       0.3      21.3
25/01/2019 23:00        78        65     15.85     28.70      22.9       100    1015.6       0.3       4.8
26/01/2019 00:00        78        79     15.05     30.40      23.3        99    1016.1       0.0       0.0
26/01/2019 01:00        80        96     15.71     32.70      23.6        95    1016.3       0.0       0.0
26/01/2019 02:00        83       100     16.15     29.20      23.8        92    1016.8       0.0       0.0
26/01/2019 03:00        78        96     13.72     28.70      23.9        92    1017.0       0.0       0.0
26/01/2019 04:00        57        86     10.19     26.40      23.2        96    1017.0       9.4       0.0
26/01/2019 05:00        60       346     11.17     25.20      22.7       100    1016.3       0.3       0.0
26/01/2019 06:00        63        69      9.52     22.30      22.8       100    1016.0       0.5       0.0
26/01/2019 07:00        55        78      7.00     16.00      22.7       100    1015.7       0.0       0.0
26/01/2019 08:00        40        27      7.04     17.20      22.7       100    1014.9       1.3       0.0
26/01/2019 09:00        61        38      8.80     18.30      22.7       100    1014.6       0.3       0.0
26/01/2019 10:00        55        66     11.58     23.50      22.6       100    1014.5       0.0       0.0
26/01/2019 11:00        59        82     11.97     24.60      22.3       100    1014.6       0.5       0.0
26/01/2019 12:00        68        68     11.46     28.10      22.1       100    1015.0       3.0       0.5
26/01/2019 13:00        65        93     10.67     24.10      22.1       100    1015.5       6.6       9.7
26/01/2019 14:00        73        73     11.84     25.20      22.3       100    1015.8       0.8      56.8
26/01/2019 15:00        81        77     13.35     25.80      23.1       100    1015.9       0.3     209.0
26/01/2019 16:00        81        84     15.56     30.40      23.7       100    1015.7               221.0
26/01/2019 17:00
26/01/2019 18:00
26/01/2019 19:00
26/01/2019 20:00
26/01/2019 21:00
26/01/2019 22:00
26/01/2019 23:00
27/01/2019 00:00
27/01/2019 01:00
27/01/2019 02:00
27/01/2019 03:00
27/01/2019 04:00
27/01/2019 05:00
27/01/2019 06:00
27/01/2019 07:00
27/01/2019 08:00
27/01/2019 09:00
27/01/2019 10:00
27/01/2019 11:00
27/01/2019 12:00
27/01/2019 13:00
27/01/2019 14:00
27/01/2019 15:00
27/01/2019 16:00
27/01/2019 17:00
27/01/2019 18:00
27/01/2019 19:00
27/01/2019 20:00       241       240     12.20     27.50      29.5        66    1006.3       0.0     394.3
27/01/2019 21:00         1       334     22.78     66.10      23.6        81    1007.4       2.0      66.8
27/01/2019 22:00       358         0     23.32     55.20      18.6       100    1010.4       1.5      36.0
27/01/2019 23:00         1        13     23.80     46.50      17.9       100    1012.0       1.3       4.2
28/01/2019 00:00        28       355     13.98     39.60      17.1       100    1011.7       0.3       0.0
28/01/2019 01:00        29        18     13.76     28.10      18.1       100    1011.7       0.0       0.0
28/01/2019 02:00       339       351     10.57     21.20      17.9        99    1013.3       0.0       0.0
28/01/2019 03:00       337       336      8.21     17.70      17.0       100    1014.1       0.0       0.0
28/01/2019 04:00       311       328      7.42     17.20      17.2       100    1014.4       0.0       0.0
28/01/2019 05:00       307       308      8.80     16.00      16.3       100    1014.3       0.0       0.0
28/01/2019 06:00       308       297      8.78     16.00      16.0       100    1014.0       0.0       0.0
28/01/2019 07:00       304       316      9.01     14.30      15.5       100    1013.8       0.0       0.0
28/01/2019 08:00       299       296      8.17     12.50      15.0       100    1013.5       0.0       0.0
28/01/2019 09:00       310       319      9.11     17.20      14.4       100    1013.3       0.0       0.0
28/01/2019 10:00       307       321      8.79     16.00      14.1       100    1013.3       0.0       0.0
28/01/2019 11:00       297       294      9.63     15.40      13.9       100    1013.8       0.0       0.0
28/01/2019 12:00       297       301      9.36     16.00      13.8       100    1014.6       0.0       4.8
28/01/2019 13:00       299       283      9.83     17.20      14.6       100    1015.0       0.3      50.3
28/01/2019 14:00       303       321     11.84     21.20      17.5        97    1015.6       0.0     371.0
28/01/2019 15:00       319       308     12.54     23.50      21.1        78    1016.2       0.0     552.8
28/01/2019 16:00       345       332     13.67     28.10      23.9        66    1016.3       0.0     630.0
28/01/2019 17:00        22         7     13.02     24.60      24.5        60    1016.0       0.0     445.0
28/01/2019 18:00        31        10     11.72     26.90      25.0        54    1015.3       0.0     530.5
28/01/2019 19:00        48       359     11.00     23.50      25.7        52    1014.4       0.0     577.7
28/01/2019 20:00        71        77     11.86     22.30      25.8        51    1013.7       0.0     568.8
28/01/2019 21:00        75        77     11.12     24.10      25.1        54    1013.5       0.0     345.7
28/01/2019 22:00        59        55      8.21     16.60      24.0        56    1013.5       0.0     168.8
28/01/2019 23:00        35        49      4.92     12.50      22.3        63    1013.6       0.0      27.2
29/01/2019 00:00        10        18      5.91      9.10      20.2        74    1013.8       0.0       0.0
29/01/2019 01:00       357         6      7.47     10.80      18.9        82    1014.2       0.0       0.0
29/01/2019 02:00         7         1      6.63      8.50      18.5        85    1014.5       0.0       0.0
29/01/2019 03:00        82       104      3.35     10.20      18.4        88    1014.4       0.0       0.0
29/01/2019 04:00       122       121      9.66     20.00      20.2        87    1014.2       0.0       0.0
29/01/2019 05:00       118       115     10.31     18.90      21.7        77    1013.7       0.0       0.0
29/01/2019 06:00       122       140      8.00     13.10      21.6        78    1013.4       0.0       0.0
29/01/2019 07:00       112       115     10.71     19.50      22.0        78    1013.0       0.0       0.0
29/01/2019 08:00       116       122      9.94     18.30      22.0        80    1012.7       0.0       0.0
29/01/2019 09:00        87       112      5.76     14.30      21.0        85    1012.9       0.0       0.0
29/01/2019 10:00       299       293     10.15     21.20      19.5        95    1013.4       0.5       0.0
29/01/2019 11:00       277       291      3.48     12.00      19.7       100    1014.1       0.3       0.0
29/01/2019 12:00         3       341      2.07      7.90      19.8       100    1014.5       0.0       1.3
29/01/2019 13:00       357         8      5.98     10.20      19.8       100    1015.1       0.3      54.7
29/01/2019 14:00       110       118     10.22     26.40      22.7        96    1015.7       0.0     321.8
29/01/2019 15:00       119       122     10.04     21.20      24.8        77    1016.3       0.0     334.3
29/01/2019 16:00       117       107     10.57     19.50      26.4        69    1016.4       0.0     404.7
29/01/2019 17:00       138       168      8.78     16.00      26.6        68    1016.1       0.0     654.7
29/01/2019 18:00       130       112      8.43     17.20      28.4        61    1015.2       0.0     836.2
29/01/2019 19:00        99        78      9.75     22.30      27.4        66    1014.3       0.0     559.3
29/01/2019 20:00
29/01/2019 21:00
